object FmSliderTest: TFmSliderTest
  Left = 358
  Top = 242
  Caption = 'EQ-Slide Test'
  ClientHeight = 52
  ClientWidth = 308
  Color = 7373965
  Font.Charset = DEFAULT_CHARSET
  Font.Color = clWindowText
  Font.Height = -11
  Font.Name = 'Tahoma'
  Font.Style = []
  OldCreateOrder = False
  OnCreate = FormCreate
  OnDestroy = FormDestroy
  OnPaint = FormPaint
  OnResize = FormResize
  PixelsPerInch = 96
  TextHeight = 13
  object GuiEQSlide1: TGuiSlider
    Left = 8
    Top = 8
    Width = 145
    Height = 17
    BorderColor = 1843492
    BorderRadius = 5.000000000000000000
    BorderWidth = 1.000000000000000000
    Caption = 'Value'
    Color = 7373965
    CurveMapping = 2.000000000000000000
    DefaultValue = 1000.000000000000000000
    Digits = 5
    FontShadow.Blur = 1.000000000000000000
    FontShadow.Color = 7373965
    FontShadow.OffsetX = 0
    FontShadow.OffsetY = 0
    FontShadow.Saturation = 4.000000000000000000
    FontShadow.Visible = True
    Max = 20000.000000000000000000
    Min = 20.000000000000000000
    ParentColor = False
    Value = 1000.000000000000000000
    ShowText = True
    SlideColor = 5333094
    Transparent = True
  end
  object GuiEQSlide2: TGuiSlider
    Left = 8
    Top = 31
    Width = 145
    Height = 17
    BorderColor = 1843492
    BorderRadius = 5.000000000000000000
    BorderWidth = 1.000000000000000000
    Caption = 'Value'
    Color = 7373965
    CurveMapping = 2.000000000000000000
    DefaultValue = 1000.000000000000000000
    Digits = 5
    FontShadow.Blur = 1.000000000000000000
    FontShadow.Color = 7373965
    FontShadow.OffsetX = 0
    FontShadow.OffsetY = 0
    FontShadow.Saturation = 4.000000000000000000
    FontShadow.Visible = True
    Max = 20000.000000000000000000
    Min = 20.000000000000000000
    ParentColor = False
    Value = 1000.000000000000000000
    ShowText = True
    SlideColor = 5333094
    Transparent = True
  end
  object GuiEQSlide3: TGuiSlider
    Left = 159
    Top = 8
    Width = 145
    Height = 17
    BorderColor = 1843492
    BorderRadius = 5.000000000000000000
    BorderWidth = 1.000000000000000000
    Caption = 'Value'
    Color = 7373965
    CurveMapping = 2.000000000000000000
    DefaultValue = 1000.000000000000000000
    Digits = 5
    FontShadow.Blur = 1.000000000000000000
    FontShadow.Color = 7373965
    FontShadow.OffsetX = 0
    FontShadow.OffsetY = 0
    FontShadow.Saturation = 4.000000000000000000
    FontShadow.Visible = True
    Max = 20000.000000000000000000
    Min = 20.000000000000000000
    ParentColor = False
    Value = 1000.000000000000000000
    ShowText = True
    SlideColor = 5333094
    Transparent = True
  end
  object GuiEQSlide4: TGuiSlider
    Left = 159
    Top = 31
    Width = 145
    Height = 17
    BorderColor = 1843492
    BorderRadius = 5.000000000000000000
    BorderWidth = 1.000000000000000000
    Caption = 'Value'
    Color = 7373965
    DefaultValue = 100.000000000000000000
    Digits = 5
    FontShadow.Blur = 1.000000000000000000
    FontShadow.Color = 7373965
    FontShadow.OffsetX = 0
    FontShadow.OffsetY = 0
    FontShadow.Saturation = 4.000000000000000000
    FontShadow.Visible = True
    Max = 100.000000000000000000
    ParentColor = False
    Value = 50.000000000000000000
    ShowText = True
    SlideColor = 5333094
    Transparent = True
  end
end
